#
# Initial unknown data
#

sep: 5
    00000000: 00 00 10 00 01 ff 00 00 a8 18 da 8d 6c 02 00 00
rep: 82
    00000000: 00 00 10 00 02 ff 00 00 a8 18 da 8d 6c 02 00 00

sep: 5
    00000000: 00 00 0c 00 05 ff 00 01 14 00 01 00
rep: 82
    00000000: 00 00 20 00 06 ff 00 01 14 00 01 00 51 e1 33 6b
    00000010: f3 09 bc 37 3b a3 5e ed ff 30 a1 3a 60 c9 81 8e

sep: 5
    00000000: 00 00 0c 00 05 ff 00 02 08 00 04 00
rep: 82
    00000000: 00 00 14 00 06 ff 00 02 08 00 04 00 04 00 00 00
    00000010: ee fe 07 25

sep: 5
    00000000: 00 00 0c 00 05 ff 00 03 04 00 05 00
rep: 82
    00000000: 00 00 0c 00 06 ff 00 03 00 00 00 00

sep: 5
    00000000: 00 00 0c 00 05 ff 00 04 04 00 06 00
rep: 82
    00000000: 00 00 0c 00 06 ff 00 04 00 00 00 00

sep: 5
    00000000: 00 00 18 00 07 ff 00 05 52 49 4d 20 42 79 70 61
    00000010: 73 73 00 00 00 00 00 00
rep: 82
    00000000: 00 00 2c 00 08 07 00 05 52 49 4d 20 42 79 70 61
    00000010: 73 73 00 00 00 00 00 00 00 00 00 00 01 00 04 00
    00000020: 02 00 04 00 03 01 00 00 04 01 00 00


#
# open socket 07
#
sep: 5
    00000000: 00 00 08 00 0a 07 00 06
rep: 82
    00000000: 00 00 0c 00 13 07 01 00 00 00 00 00
rep: 82
    00000000: 00 00 08 00 10 07 00 06

#
# get database access command table over that socket
#
sep: 5
    00000000: 07 00 0a 00 40 00 00 01 00 00
rep: 82
    00000000: 00 00 0c 00 13 07 01 00 01 00 00 00
rep: 82
    00000000: 07 00 0a 00 40 00 00 02 00 03
rep: 82
    00000000: 07 00 17 00 40 00 05 00 6d 75 78 65 72 08 01 47
    00000010: 4d 45 20 44 61 74 61
rep: 82
    00000000: 07 00 48 00 40 01 01 02 00 00 00 3c 53 00 00 00
    00000010: 0e 53 00 00 00 09 47 50 4d 44 53 4e 41 30 31 53
    00000020: 00 00 00 0e 53 00 00 00 09 42 45 53 50 52 56 2d
    00000030: 4e 41 53 00 00 00 0c 53 00 00 00 07 47 35 30 35
    00000040: 35 30 35 49 00 00 00 01

sep: 5
    00000000: 07 00 16 00 40 01 01 02 00 00 00 0a 49 00 00 00
    00000010: 00 49 00 00 00 01
rep: 82
    00000000: 00 00 0c 00 13 07 01 00 02 00 00 00

#
# close socket 7
#
sep: 5
    00000000: 00 00 08 00 0b 07 00 07
rep: 82
    00000000: 00 00 08 00 0c 07 00 07
rep: 82


